name	A25	A5	A58	A61	A66	B33	B4	B45	B5	B6	B9	C2	C3	C31	C74	D16	D25	D29	D54	D58	D62	D63	Z1	N1
A25	0.0	117.38824472663352	219.6406155518601	165.0	174.9771413642365	205.8761763779384	335.6262802582658	424.6751699828941	390.86186818363336	406.21422919439937	272.04595200076034	533.8773267333986	333.08407347094817	439.22886972511265	557.0008976653448	237.44683615495913	368.0896629898753	267.0468123756582	275.17630711963557	445.88002870727456	367.25059564281173	341.7206461424302	177.4288589829738	883.4483572909058
A5	117.38824472663352	0.0	261.26232028365666	276.8483339303309	269.5570440556136	140.089257261219	293.43653487594213	311.35349684883903	301.66372005927394	310.5382424114621	171.74690681348528	458.3284848228397	229.40139493908924	329.94848082693153	443.9481951759687	202.97044119772713	303.1336338976591	260.4649688537789	330.0575707357733	406.94102766862915	389.8987047939503	369.8715993422582	70.66116330771806	774.5921507477339
A58	219.6406155518601	261.26232028365666	0.0	309.1876452900407	130.74020039758238	200.32224040280698	210.40199618824911	457.43305521136097	348.3862798676205	377.5764823184834	294.8847232394381	719.5533336730502	481.39484833138795	569.0588721740485	667.5117976485509	446.8165171521751	562.7930347827698	485.1927452054492	483.735464897913	656.8295060363838	585.1264820532394	558.7101216194316	329.607342151233	1003.8132296398569
A61	165.0	276.8483339303309	309.1876452900407	0.0	194.1957775030137	366.4560000873229	478.85279575251514	587.8043892316558	553.5232605771865	570.2850164610675	437.0286031829038	615.0203248673981	463.38968482261237	573.3384689692468	695.9346233663044	307.9383055093991	448.69254506844663	296.05573799539843	209.46837470128995	485.0505128334574	332.0963715550051	303.08084729985825	323.89195729440394	1009.4087378262584
A66	174.9771413642365	269.5570440556136	130.74020039758238	194.1957775030137	0.0	276.1340254296815	333.73642294481436	535.3148606194302	452.2521420623677	477.5615143622861	369.0121949204389	708.8032166969899	498.25495481731036	599.2703897240377	710.6595528099232	410.15362975353514	543.0036832287605	429.9127818523194	391.2198870200747	615.4689269167047	505.2049089231022	476.96750413419153	339.01327407639957	1043.5180880080613
B33	205.8761763779384	140.089257261219	200.32224040280698	366.4560000873229	276.1340254296815	0.0	154.434452114805	261.3962509295036	187.6006396577581	207.3475343475297	95.60334722173695	558.0143367333853	304.138126514911	378.1600190395595	469.4731089210542	339.1872639118397	419.505661463585	400.03124877939223	463.25910676423837	535.0588752651431	529.7489971675265	509.187588222651	180.88670487352022	805.431561338392
B4	335.6262802582658	293.43653487594213	210.40199618824911	478.85279575251514	333.73642294481436	154.434452114805	0.0	310.0612842649014	164.14627622946554	197.56770991232347	193.00259065618783	696.6275906106505	438.73682316395553	492.4276596618025	560.6826196699876	493.6172606382398	568.2649030161901	553.8817563343281	606.7528327086738	687.3848994559016	681.237109969796	659.5771372629588	333.7813655673426	887.36125676074
B45	424.6751699828941	311.35349684883903	457.43305521136097	587.8043892316558	535.3148606194302	261.3962509295036	310.0612842649014	0.0	156.95222202950808	126.8897158953396	166.48123017325406	473.2060861823313	247.97580527140144	233.6172082702813	261.3981637272917	416.0	407.03439658092776	489.3883938141566	611.8537406929862	537.5872022286245	629.8206093801631	619.4836559587347	280.07141946296485	578.3078764810315
B5	390.86186818363336	301.66372005927394	348.3862798676205	553.5232605771865	452.2521420623677	187.6006396577581	164.14627622946554	156.95222202950808	0.0	33.60059523282288	132.85330255586422	601.5130921268463	351.1267577385694	372.9302883918119	417.6278247435149	468.7963310436634	503.0755410472666	539.1706594391056	631.0412030921594	632.1028397341686	678.0117993073571	661.6963049617249	306.62354769325856	733.4971029254308
B6	406.21422919439937	310.5382424114621	377.5764823184834	570.2850164610675	477.5615143622861	207.3475343475297	197.56770991232347	126.8897158953396	33.60059523282288	0.0	138.84163640637487	582.5160941982633	336.66155111625085	349.91427521608773	388.2782507429434	466.858650985499	491.7275668497751	538.4719119879885	637.4354869318149	621.8046316971272	678.4460184863642	663.3528472841584	307.8457405909655	701.2624330448623
B9	272.04595200076034	171.74690681348528	294.8847232394381	437.0286031829038	369.0121949204389	95.60334722173695	193.00259065618783	166.48123017325406	132.85330255586422	138.84163640637487	0.0	505.1574012127309	247.25695136840946	301.43821920917725	381.4826339428834	338.0	386.4466327968197	407.3389252207552	499.1963541533532	511.8945203848152	545.5364332471297	528.9272161649465	174.41330224498358	715.8351765595206
C2	533.8773267333986	458.3284848228397	719.5533336730502	615.0203248673981	708.8032166969899	558.0143367333853	696.6275906106505	473.2060861823313	601.5130921268463	582.5160941982633	505.1574012127309	0.0	257.9922479455536	241.36486902612816	292.61749776799064	308.47366176061126	167.94344286098223	327.3973121453504	474.8020640224724	179.12007146045917	392.45127086047256	406.23638438721855	390.6353798620908	454.5283269500373
C3	333.08407347094817	229.40139493908924	481.39484833138795	463.38968482261237	498.25495481731036	304.138126514911	438.73682316395553	247.97580527140144	351.1267577385694	336.66155111625085	247.25695136840946	257.9922479455536	0.0	110.05907504608605	233.63432966925043	198.04039991880444	159.13830462839547	266.2724168966812	412.0934360069328	289.917229567337	399.96249824202266	395.2163964209987	159.26079241294764	550.7848944914884
C31	439.22886972511265	329.94848082693153	569.0588721740485	573.3384689692468	599.2703897240377	378.1600190395595	492.4276596618025	233.6172082702813	372.9302883918119	349.91427521608773	301.43821920917725	241.36486902612816	110.05907504608605	0.0	124.06449935416659	300.2682134359213	219.79080963497995	362.93250061133955	514.5755532475284	338.10797092053303	487.72635770480974	487.14782150801005	262.3833073958784	444.79770682862113
C74	557.0008976653448	443.9481951759687	667.5117976485509	695.9346233663044	710.6595528099232	469.4731089210542	560.6826196699876	261.3981637272917	417.6278247435149	388.2782507429434	381.4826339428834	292.61749776799064	233.63432966925043	124.06449935416659	0.0	422.9905436295237	328.29864452964165	483.0983336754537	636.5940621777743	431.26442004876776	602.0074750366477	603.8484909312931	379.6063750781854	336.304921165302
D16	237.44683615495913	202.97044119772713	446.8165171521751	307.9383055093991	410.15362975353514	339.1872639118397	493.6172606382398	416.0	468.7963310436634	466.858650985499	338.0	308.47366176061126	198.04039991880444	300.2682134359213	422.9905436295237	0.0	141.01418368376991	73.40980860893181	214.5809870421888	210.08569680013915	214.21951358361358	203.68603290358425	164.6572197020222	712.1179677553432
D25	368.0896629898753	303.1336338976591	562.7930347827698	448.69254506844663	543.0036832287605	419.505661463585	568.2649030161901	407.03439658092776	503.0755410472666	491.7275668497751	386.4466327968197	167.94344286098223	159.13830462839547	219.79080963497995	328.29864452964165	141.01418368376991	0.0	171.91858538273283	327.438543852125	130.9083648969767	274.5268657162719	278.8207309365643	241.09956449566639	584.0624966559658
D29	267.0468123756582	260.4649688537789	485.1927452054492	296.05573799539843	429.9127818523194	400.03124877939223	553.8817563343281	489.3883938141566	539.1706594391056	538.4719119879885	407.3389252207552	327.3973121453504	266.2724168966812	362.93250061133955	483.0983336754537	73.40980860893181	171.91858538273283	0.0	156.37135287513502	190.05525512334563	140.9432509913121	130.64838307457157	232.94849216082082	755.8207459444336
D54	275.17630711963557	330.0575707357733	483.735464897913	209.46837470128995	391.2198870200747	463.25910676423837	606.7528327086738	611.8537406929862	631.0412030921594	637.4354869318149	499.1963541533532	474.8020640224724	412.0934360069328	514.5755532475284	636.5940621777743	214.5809870421888	327.438543852125	156.37135287513502	0.0	313.9187793044564	124.95199078045935	96.317184344228	334.3067453701765	911.4609152344383
D58	445.88002870727456	406.94102766862915	656.8295060363838	485.0505128334574	615.4689269167047	535.0588752651431	687.3848994559016	537.5872022286245	632.1028397341686	621.8046316971272	511.8945203848152	179.12007146045917	289.917229567337	338.10797092053303	431.26442004876776	210.08569680013915	130.9083648969767	190.05525512334563	313.9187793044564	0.0	216.78099547700208	234.00854685246006	354.17509793885847	633.5929292534759
D62	367.25059564281173	389.8987047939503	585.1264820532394	332.0963715550051	505.2049089231022	529.7489971675265	681.237109969796	629.8206093801631	678.0117993073571	678.4460184863642	545.5364332471297	392.45127086047256	399.96249824202266	487.72635770480974	602.0074750366477	214.21951358361358	274.5268657162719	140.9432509913121	124.95199078045935	216.78099547700208	0.0	29.017236257093817	371.4000538502923	843.764185065946
D63	341.7206461424302	369.8715993422582	558.7101216194316	303.08084729985825	476.96750413419153	509.187588222651	659.5771372629588	619.4836559587347	661.6963049617249	663.3528472841584	528.9272161649465	406.23638438721855	395.2163964209987	487.14782150801005	603.8484909312931	203.68603290358425	278.8207309365643	130.64838307457157	96.317184344228	234.00854685246006	29.017236257093817	0.0	355.58402663786796	854.6578262673314
Z1	177.4288589829738	70.66116330771806	329.607342151233	323.89195729440394	339.01327407639957	180.88670487352022	333.7813655673426	280.07141946296485	306.62354769325856	307.8457405909655	174.41330224498358	390.6353798620908	159.26079241294764	262.3833073958784	379.6063750781854	164.6572197020222	241.09956449566639	232.94849216082082	334.3067453701765	354.17509793885847	371.4000538502923	355.58402663786796	0.0	707.1067811865476
N1	883.4483572909058	774.5921507477339	1003.8132296398569	1009.4087378262584	1043.5180880080613	805.431561338392	887.36125676074	578.3078764810315	733.4971029254308	701.2624330448623	715.8351765595206	454.5283269500373	550.7848944914884	444.79770682862113	336.304921165302	712.1179677553432	584.0624966559658	755.8207459444336	911.4609152344383	633.5929292534759	843.764185065946	854.6578262673314	707.1067811865476	0.0
