name	A25	A5	A58	A61	A66	B33	B4	B45	B5	B6	B9	C2	C3	C31	C74	D16	D25	D29	D54	D58	D62	D63	N1	Z1
A25	0	0.118610834	0.112138352	0.129359731	0.086659679	0.07650915	0.118930063	0.063813635	0.199104646	0.146114578	0.092975319	0.147643591	0.128273497	0.142672001	0.13010907	0.102412987	0.084787617	0.096544031	0.126036344	0.079490628	0.069117509	0.072270672	0.262316488	0.179889216
A5	0.118610834	0	0.085175701	0.180183323	0.197049461	0.115146429	0.115397444	0.134186251	0.140679316	0.132941416	0.13324211	0.188038188	0.186953096	0.195740517	0.185634318	0.120821314	0.111915191	0.108535156	0.138060023	0.073152512	0.09425317	0.104228115	0.289779692	0.234079602
A58	0.112138352	0.085175701	0	0.198644834	0.194642518	0.106590431	0.034170894	0.105648332	0.090382797	0.05541895	0.14118371	0.227211751	0.202865177	0.223908843	0.211238633	0.124414991	0.158677125	0.126472369	0.162375275	0.08129754	0.12692289	0.115037472	0.315037347	0.257095935
A61	0.129359731	0.180183323	0.198644834	0	0.111582167	0.09442865	0.198777514	0.117868571	0.285826311	0.246548352	0.058624654	0.069030211	0.011992081	0.038356746	0.029989498	0.098054577	0.108527692	0.106705436	0.057957398	0.121456247	0.100177992	0.103413877	0.191859688	0.070784391
A66	0.086659679	0.197049461	0.194642518	0.111582167	0	0.122157726	0.193724185	0.108456166	0.283013039	0.225467625	0.115149077	0.126427331	0.1029172	0.111609767	0.102643996	0.141557762	0.115714303	0.140169148	0.145851226	0.146609891	0.117214973	0.121338988	0.242195706	0.139644728
B33	0.07650915	0.115146429	0.106590431	0.09442865	0.122157726	0	0.104394875	0.045963573	0.194045484	0.153504332	0.036876551	0.137729082	0.098445721	0.124690377	0.111907462	0.050406845	0.104919541	0.067702437	0.069097395	0.042284867	0.06907923	0.053201692	0.238900921	0.15575378
B4	0.118930063	0.115397444	0.034170894	0.198777514	0.193724185	0.104394875	0	0.09756198	0.100673432	0.05521114	0.14097975	0.235550228	0.202189639	0.227584929	0.214556403	0.125095563	0.175929816	0.134182674	0.165723625	0.091818517	0.14066453	0.122134229	0.316935356	0.257270694
B45	0.063813635	0.134186251	0.105648332	0.117868571	0.108456166	0.045963573	0.09756198	0	0.192953259	0.141111197	0.07127475	0.159492978	0.118002076	0.144793923	0.131626327	0.079813909	0.121699384	0.092557928	0.107895227	0.070691018	0.090193958	0.072925921	0.256666827	0.173933752
B5	0.199104646	0.140679316	0.090382797	0.285826311	0.283013039	0.194045484	0.100673432	0.192953259	0	0.069483595	0.227810557	0.312211611	0.291014725	0.311541073	0.299262844	0.205387001	0.239723633	0.206287978	0.243320899	0.165798251	0.21089265	0.199889645	0.387151934	0.343701484
B6	0.146114578	0.132941416	0.05541895	0.246548352	0.225467625	0.153504332	0.05521114	0.141111197	0.069483595	0	0.189764433	0.276301466	0.249358337	0.271874475	0.258802125	0.172260007	0.205410638	0.174702662	0.214802863	0.134668593	0.175796758	0.162026788	0.357577838	0.303705449
B9	0.092975319	0.13324211	0.14118371	0.058624654	0.115149077	0.036876551	0.14097975	0.07127475	0.227810557	0.189764433	0	0.106487652	0.064261964	0.090344729	0.07823273	0.054081513	0.095766121	0.069588648	0.039816705	0.066100303	0.067860298	0.061216828	0.216476165	0.122221602
C2	0.147643591	0.188038188	0.227211751	0.069030211	0.126427331	0.137729082	0.235550228	0.159492978	0.312211611	0.276301466	0.106487652	0	0.070171362	0.043291685	0.047303065	0.137043168	0.093502246	0.131186661	0.098018315	0.150093271	0.109690656	0.129255406	0.194245077	0.082860364
C3	0.128273497	0.186953096	0.202865177	0.011992081	0.1029172	0.098445721	0.202189639	0.118002076	0.291014725	0.249358337	0.064261964	0.070171362	0	0.036206215	0.027499091	0.103781357	0.111286792	0.112102542	0.068851216	0.127350422	0.104353534	0.107222666	0.192827825	0.067728576
C31	0.142672001	0.195740517	0.223908843	0.038356746	0.111609767	0.124690377	0.227584929	0.144793923	0.311541073	0.271874475	0.090344729	0.043291685	0.036206215	0	0.013406342	0.126162514	0.105189068	0.126822435	0.086291715	0.146107974	0.111615366	0.123682941	0.187849142	0.058309433
C74	0.13010907	0.185634318	0.211238633	0.029989498	0.102643996	0.111907462	0.214556403	0.131626327	0.299262844	0.258802125	0.07823273	0.047303065	0.027499091	0.013406342	0	0.11516549	0.097260218	0.11643977	0.078088475	0.134118492	0.100811011	0.111927566	0.190895705	0.064777774
D16	0.102412987	0.120821314	0.124414991	0.098054577	0.141557762	0.050406845	0.125095563	0.079813909	0.205387001	0.172260007	0.054081513	0.137043168	0.103781357	0.126162514	0.11516549	0	0.111827188	0.031202724	0.067912444	0.061840925	0.08114524	0.037596409	0.235667265	0.155654907
D25	0.084787617	0.111915191	0.158677125	0.108527692	0.115714303	0.104919541	0.175929816	0.121699384	0.239723633	0.205410638	0.095766121	0.093502246	0.111286792	0.105189068	0.097260218	0.111827188	0	0.093974624	0.103068618	0.095525808	0.047649869	0.083589174	0.23338149	0.149973364
D29	0.096544031	0.108535156	0.126472369	0.106705436	0.140169148	0.067702437	0.134182674	0.092557928	0.206287978	0.174702662	0.069588648	0.131186661	0.112102542	0.126822435	0.11643977	0.031202724	0.093974624	0	0.079815976	0.065154816	0.070376701	0.024599593	0.238862701	0.160838055
D54	0.126036344	0.138060023	0.162375275	0.057957398	0.145851226	0.069097395	0.165723625	0.107895227	0.243320899	0.214802863	0.039816705	0.098018315	0.068851216	0.086291715	0.078088475	0.067912444	0.103068618	0.079815976	0	0.083047456	0.081644779	0.082205413	0.206477553	0.11599125
D58	0.079490628	0.073152512	0.08129754	0.121456247	0.146609891	0.042284867	0.091818517	0.070691018	0.165798251	0.134668593	0.066100303	0.150093271	0.127350422	0.146107974	0.134118492	0.061840925	0.095525808	0.065154816	0.083047456	0	0.059691122	0.053766625	0.253338785	0.181260393
D62	0.069117509	0.09425317	0.12692289	0.100177992	0.117214973	0.06907923	0.14066453	0.090193958	0.21089265	0.175796758	0.067860298	0.109690656	0.104353534	0.111615366	0.100811011	0.08114524	0.047649869	0.070376701	0.081644779	0.059691122	0	0.057028414	0.235314747	0.153036009
D63	0.072270672	0.104228115	0.115037472	0.103413877	0.121338988	0.053201692	0.122134229	0.072925921	0.199889645	0.162026788	0.061216828	0.129255406	0.107222666	0.123682941	0.111927566	0.037596409	0.083589174	0.024599593	0.082205413	0.053766625	0.057028414	0	0.240889497	0.159612468
N1	0.262316488	0.289779692	0.315037347	0.191859688	0.242195706	0.238900921	0.316935356	0.256666827	0.387151934	0.357577838	0.216476165	0.194245077	0.192827825	0.187849142	0.190895705	0.235667265	0.23338149	0.238862701	0.206477553	0.253338785	0.235314747	0.240889497	0	0.189011455
Z1	0.179889216	0.234079602	0.257095935	0.070784391	0.139644728	0.15575378	0.257270694	0.173933752	0.343701484	0.303705449	0.122221602	0.082860364	0.067728576	0.058309433	0.064777774	0.155654907	0.149973364	0.160838055	0.11599125	0.181260393	0.153036009	0.159612468	0.189011455	0
